25
18
16
8
12
10
12
14
6
18
5
8
19
21
12
11
12
6
25
6
11
21
4
8
17
6
0
4
22
2
8
0
12
12
22
18
16
2
28
3
20
17
4
0
10
12
14
4
22
14
0
20
10
2
16
2
8
19
8
21
22
16
23
8
24
20
16
10
2
10
18
12
22
2
12
12
16
12
2
10
4
13
10
6
13
22
20
14
10
8
20
10
6
16
6
0
3
17
6
13
2
0
2
10
13
12
15
4
2
2
10
27
26
9
28
18
18
6
8
6
12
25
15
8
16
2
4
2
14
4
2
6
14
10
2
0
12
12
6
10
8
11
13
16
12
12
14
16
16
8
10
8
21
0
18
21
18
22
2
0
12
8
10
10
10
4
12
19
19
8
22
4
18
6
20
10
17
17
17
2
9
6
4
12
27
15
25
18
14
12
14
16
7
24
6
8
14
22
2
12
18
19
18
10
2
20
0
14
12
2
8
0
4
8
21
12
14
14
22
24
22
14
10
14
3
10
4
19
8
4
4
16
2
20
14
8
2
16
20
4
18
14
4
16
15
16
7
20
10
14
12
10
8
16
6
18
14
0
15
6
10
10
18
13
4
16
14
29
14
16
14
13
14
18
14
2
8
10
11
6
20
2
21
16
29
14
14
8
2
13
2
18
16
16
19
12
10
10
18
16
10
6
16
8
20
2
18
4
12
22
16
6
12
16
24
8
6
8
4
8
11
11
4
6
20
10
14
4
10
24
10
2
8
4
6
7
8
18
12
8
20
12
0
12
11
4
6
10
13
2
6
10
10
8
13
8
8
6
2
16
12
4
11
24
12
6
12
20
14
14
10
4
14
20
6
12
22
10
24
21
20
4
4
23
12
4
12
16
8
24
12
10
8
15
22
12
6
13
8
2
0
14
11
18
0
12
18
12
3
22
0
16
12
12
2
6
0
12
16
10
8
13
6
20
4
10
12
12
10
10
28
10
9
20
24
13
0
22
4
6
15
10
8
16
18
22
21
16
4
12
2
0
18
16
14
22
12
18
8
14
10
8
16
5
2
11
16
6
26
25
8
6
8
9
2
12
2
12
12
4
12
2
20
25
0
16
8
4
12
8
18
2
8
10
15
3
18
20
19
6
0
19
6
12
18
6
6
24
2
18
14
6
4
16
24
17
4
17
4
6
16
4
0
12
16
16
14
6
8
4
12
8
18
12
19
24
0
10
4
10
4
16
14
10
12
20
4
4
8
24
23
14
6
0
6
16
6
18
4
14
30
0
6
22
2
26
2
10
18
18
16
8
24
20
24
15
2
12
12
11
9
6
4
12
15
14
12
14
12
6
14
7
8
6
4
4
18
7
14
8
16
7
14
4
12
10
8
16
6
2
12
8
10
15
13
28
2
6
19
12
22
20
25
4
4
24
14
20
24
20
8
16
11
16
14
6
15
8
12
10
8
16
2
0
12
3
15
0
10
21
18
15
23
10
10
2
22
10
6
9
2
12
16
0
0
12
18
10
11
2
14
23
12
12
4
18
16
22
23
4
23
16
14
24
12
2
8
14
12
4
10
10
8
18
22
2
6
8
14
2
12
26
24
6
0
24
19
10
14
18
11
12
13
6
6
18
23
28
9
8
7
4
26
14
6
12
18
10
10
12
20
12
14
25
2
5
8
2
22
8
6
2
6
0
6
19
10
10
10
10
10
0
16
21
10
6
19
6
0
14
12
12
8
12
10
10
8
14
20
16
14
2
12
0
3
8
16
4
23
4
16
8
24
9
20
10
6
30
14
14
12
24
16
2
18
8
14
18
14
22
11
18
13
0
6
17
13
4
0
12
8
12
10
26
4
4
12
10
26
6
12
0
14
2
17
2
16
18
6
8
18
2
6
24
12
8
14
10
4
10
4
10
11
14
14
10
10
10
28
6
14
10
16
12
30
9
8
8
2
19
4
15
24
27
14
11
5
12
18
6
2
12
8
13
2
14
2
14
2
25
4
8
12
4
21
16
14
0
21
4
6
12
0
28
15
0
12
0
18
6
14
12
26
2
17
8
18
15
18
10
8
6
12
2
12
12
2
18
20
12
20
24
4
0
16
0
18
20
21
4
21
18
17
10
18
25
12
0
8
2
16
12
14
2
12
17
18
22
10
4
9
4
0
26
8
6
6
20
22
6
24
16
8
17
8
0
24
12
12
3
10
16
16
10
20
0
8
19
18
20
7
16
22
25
20
12
0
12
14
8
14
20
4
10
2
6
20
16
18
12
