13 430
132 139
842 67
989 30
449 140
933 287
753 54
83 30
733 289
792 186
241 302
857 402
831 15
343 58
63 591
574 231
374 376
788 194
695 427
536 421
304 271
169 162
75 106
867 532
400 427
79 142
695 343
367 86
363 365
621 36
215 537
57 456
445 489
995 102
239 511
475 174
895 304
425 178
977 525
850 528
727 21
470 214
838 169
119 154
228 75
970 265
70 23
700 509
735 451
715 172
419 452
668 121
972 103
288 503
763 89
492 23
861 414
682 55
531 162
895 279
369 197
631 316
108 219
774 497
105 259
612 123
141 296
232 190
969 522
944 248
104 358
548 169
369 180
114 448
604 358
597 561
554 328
388 30
57 969
667 854
343 185
569 384
963 735
47 758
295 747
289 637
565 353
94 103
810 800
782 555
954 933
412 202
132 874
488 723
667 489
513 194
869 114
108 719
26 807
863 279
26 777
427 631
83 960
464 723
689 420
329 557
35 810
336 717
953 925
883 227
989 774
399 664
265 75
421 573
934 4
778 555
312 911
447 581
276 318
810 619
523 313
613 641
459 392
991 432
853 269
751 486
390 873
655 627
252 968
545 78
878 163
340 623
249 261
582 47
171 215
452 518
77 135
418 65
976 8
893 5
955 130
945 21
860 5
572 129
270 102
673 6
167 60
396 54
244 24
523 73
152 124
138 79
101 50
994 43
608 31
938 35
422 116
739 14
583 98
824 30
547 57
97 80
84 2
608 72
31 50
769 74
450 103
845 133
421 81
812 70
222 83
332 122
71 57
165 29
560 121
806 49
625 111
179 114
264 131
110 94
705 126
152 14
639 3
560 74
253 117
220 28
144 50
46 107
503 81
87 106
36 96
137 108
349 130
467 80
956 131
278 54
145 133
186 5
51 15
280 16
511 63
800 125
809 105
524 113
581 118
985 10
414 40
606 86
441 114
130 2
214 7
65 68
97 95
234 87
46 630
63 434
983 124
1000 394
762 42
913 118
478 215
387 40
893 358
205 225
250 197
808 433
262 133
439 423
329 466
501 309
263 439
222 204
794 565
784 619
650 178
678 604
591 515
437 275
471 390
421 25
110 41
140 615
693 426
235 162
48 66
910 288
988 368
336 129
406 213
427 187
235 66
758 508
242 249
121 314
790 68
440 429
137 129
319 423
759 124
561 149
154 427
62 13
500 10
947 9
694 5
113 10
75 6
75 12
79 11
398 1
242 3
259 2
226 9
33 3
219 2
990 3
541 6
763 10
596 5
280 1
488 13
504 5
772 8
563 12
954 11
181 7
721 5
951 4
952 7
620 10
94 1
563 5
353 6
977 10
291 9
730 3
94 13
749 11
771 10
246 8
68 11
98 13
220 1
744 10
628 2
33 13
599 8
645 9
799 12
284 5
789 11
577 10
972 11
350 2
736 13
303 4
722 13
224 6
458 11
340 12
240 2
577 7
181 13
649 5
68 918
611 113
379 306
417 472
530 795
53 688
327 416
811 821
711 606
710 303
735 756
473 713
546 672
535 604
980 691
690 641
505 918
123 560
94 821
344 332
993 240
713 400
268 622
614 442
423 814
625 462
778 371
267 710
308 558
114 198
486 570
592 835
821 239
544 875
59 676
813 732
199 174
76 590
850 1
941 216
254 231
365 53
553 644
583 765
722 886
416 829
813 446
856 224
680 159
438 794
148 571
747 893
885 611
899 753
205 208
747 54
483 529
103 412
132 304
671 660
103 769
286 148
300 736
757 343
458 23
673 58
204 658
728 64
80 121